243380
219600
3349480
2939590
2147450
201700
105400
1046480
202480
223350
282350
28050
3604320
91310
367540
1418870
255480
1031510
3669060
1361350
2154770
1874910
42690
1630280
207890
2586520
2294090
41010
2178420
34000
2066750
1825750
958260
212200
96810
624090
223250
111710
237410
223240
91720
302550
243750
244310
72780
2394010
208050
70010
215360
623990
230030
237310
243730
896660
203300
568880
63220
205100
295270
231670
71270
714210
288390
205930
401870
739590
39160
24860
2667530
3065580
22480
19930
2239530
3048530
1850360
202090
4540
433290
3042150
207060
71400
1880380
743650
402370
3064700
3351240
3470
2770
2350
2460
412680
391750
389280
807210
405270
1877380
202930
65950
12840
11900
2983980
2983700
2981020
2980730
2973670
2968480
2965470
2963760
2962580
2960040
2959440
2959050
2958390
2958490
2958310
2958330
2954810
2950160
2949680
2948000
2945430
2945590
2945280
2941070
2941310
2939740
2936880
2936690
2935470
1241170
1237370
1226430
1219670
1218910
1216410
1212340
1212060
393740
391920
391940
391950
461330
2354440
2352610
2343590
2334750
2331270
2322000
2307970
2308010
2303100
2299960
2295590
2295050
2294710
2293550
2285800
2285510
2285580
2274300
2273760
2271260
2264520
2262390
2259410
2251800
2249840
2248630
2245690
2243270
2239390
2237410
2234050
2216140
2208510
2198900
2192130
2163180
2162940
2161340
2160860
2154910
2155170
2153220
2146640
2136010
2134810
2132780
2131790
2122580
2122740
2101970
2088860
2082750
2065590
2063620
2059500
2055520
2052930
2052400
2051400
2025620
2717930
2712830
2705880
2706200
2695390
2675160
2663650
2654630
803970
795470
692130
426750
424020
417580
1131290
654310
1367440
1445330
1441420
1439730
1437630
1437730
1436010
1424280
1419240
1412340
1409790
1407650
3111910
3106900
3092380
1301750
1299640
1294730
1293210
1292830
2747730
2743360
2742430
3079760
3077310
3077610
3054100
3051560
3048520
3033990
3023630
3023010
3020890
3016670
3012530
3011770
3010650
3000070
3000350
2990290
2988720
3180230
3310920
3304790
3300100
3290240
3216630
3215710
3209040
3206810
3206070
3457190
3456290
3449050
3444660
3420620
3488650
3469030
1007410
999440
928050
3258200
3255060
3251960
3248730
3241750
3234370
3233680
3227540
3227020
3281440
3267510
3266780
3265950
3263700
3260610
1912270
1901570
1897040
1891960
1880480
1878130
1876710
213590
211880
210990
211090
210290
201040
51100
44320
24600
21610
21940
17590
15310
12260
8160
7500
3003190
2967880
2960990
2945330
1210600
1208210
394000
71320
16830
1065710
2337020
2320290
2312630
2304610
2267180
2263750
2242540
2238550
2221960
2216520
2213560
2211890
2210510
2207340
2192160
2190140
2156560
2149030
2143920
2137650
2136410
2133800
2114260
2107320
2101570
2088480
2080400
2073670
2065540
2055040
2051800
2697040
770990
721310
684740
438840
480
217490
42750
2051010
332850
4940
2315040
43210
2252590
8770
34120
382030
8710
740
378120
90
55280
3347400
1499560
43160
1842810
1687670
1031500
3260140
1175730
928600
21970
3039140
998940
215100
1709400
2124680
681820
1690800
294420
10540
1424800
1196600
455130
3302560
321040
226320
2934770
1261240
1358750
1011810
681840
1672740
460870
681830
1668940
996560
427920
354060
2339300
931180
895950
288570
393100
1624110
2752470
300970
3114940
650500
1890860
2955370
3324740
407250
493370
230330
214850
895970
221410
375960
298740
1541840
2430930
681810
223670
1100830
723330
287680
3370
648590
71310
369140
1100760
295350
1173550
216250
231060
11610
443030
2223650
378200
1069790
3416780
105430
1829350
507320
2429020
313220
261020
260770
233250
728470
2202430
664400
242460
232150
225140
1057810
245850
218170
700580
1639880
4550
228980
216570
482850
2524220
1753320
233780
1169370
454510
42160
10590
858460
567090
325600
1430110
1904190
339010
588870
1098260
1057910
218800
218470
3519390
381690
2066760
4830
587670
291210
265420
259360
239220
212180
73023
3
1308380
7554
643855
